Rank    |    Roll        |        Preference Order
0	    |    	50	     |     0,	1,	2,	3,	4,	5,	6,	7,	8,	9,	
1	    |    	49	     |     0,	1,	2,	3,	4,	5,	6,	7,	8,	9,	
2	    |    	48	     |     0,	1,	2,	3,	4,	5,	6,	7,	8,	9,	
3	    |    	47	     |     0,	1,	2,	3,	4,	5,	6,	7,	8,	9,	
4	    |    	46	     |     0,	1,	2,	3,	4,	5,	6,	7,	8,	9,	
5	    |    	45	     |     0,	1,	2,	3,	4,	5,	6,	7,	8,	9,	
6	    |    	44	     |     0,	1,	2,	3,	4,	5,	6,	7,	8,	9,	
7	    |    	43	     |     0,	1,	2,	3,	4,	5,	6,	7,	8,	9,	
8	    |    	42	     |     0,	1,	2,	3,	4,	5,	6,	7,	8,	9,	
9	    |    	41	     |     0,	1,	2,	3,	4,	5,	6,	7,	8,	9,	
10	    |    	40	     |     0,	1,	2,	3,	4,	5,	6,	7,	8,	9,	
11	    |    	39	     |     0,	1,	2,	3,	4,	5,	6,	7,	8,	9,	
12	    |    	38	     |     0,	1,	2,	3,	4,	5,	6,	7,	8,	9,	
13	    |    	37	     |     0,	1,	2,	3,	4,	5,	6,	7,	8,	9,	
14	    |    	36	     |     0,	1,	2,	3,	4,	5,	6,	7,	8,	9,	
15	    |    	35	     |     0,	1,	2,	3,	4,	5,	6,	7,	8,	9,	
16	    |    	34	     |     0,	1,	2,	3,	4,	5,	6,	7,	8,	9,	
17	    |    	33	     |     0,	1,	2,	3,	4,	5,	6,	7,	8,	9,	
18	    |    	32	     |     0,	1,	2,	3,	4,	5,	6,	7,	8,	9,	
19	    |    	31	     |     0,	1,	2,	3,	4,	5,	6,	7,	8,	9,	
20	    |    	30	     |     0,	1,	2,	3,	4,	5,	6,	7,	8,	9,	
21	    |    	29	     |     0,	1,	2,	3,	4,	5,	6,	7,	8,	9,	
22	    |    	28	     |     0,	1,	2,	3,	4,	5,	6,	7,	8,	9,	
23	    |    	27	     |     0,	1,	2,	3,	4,	5,	6,	7,	8,	9,	
24	    |    	26	     |     0,	1,	2,	3,	4,	5,	6,	7,	8,	9,	
25	    |    	75	     |     0,	1,	2,	3,	4,	5,	6,	7,	8,	9,	
26	    |    	74	     |     0,	1,	2,	3,	4,	5,	6,	7,	8,	9,	
27	    |    	73	     |     0,	1,	2,	3,	4,	5,	6,	7,	8,	9,	
28	    |    	72	     |     0,	1,	2,	3,	4,	5,	6,	7,	8,	9,	
29	    |    	71	     |     0,	1,	2,	3,	4,	5,	6,	7,	8,	9,	
30	    |    	70	     |     0,	1,	2,	3,	4,	5,	6,	7,	8,	9,	
31	    |    	69	     |     0,	1,	2,	3,	4,	5,	6,	7,	8,	9,	
32	    |    	68	     |     0,	1,	2,	3,	4,	5,	6,	7,	8,	9,	
33	    |    	67	     |     0,	1,	2,	3,	4,	5,	6,	7,	8,	9,	
34	    |    	66	     |     0,	1,	2,	3,	4,	5,	6,	7,	8,	9,	
35	    |    	65	     |     0,	1,	2,	3,	4,	5,	6,	7,	8,	9,	
36	    |    	64	     |     0,	1,	2,	3,	4,	5,	6,	7,	8,	9,	
37	    |    	63	     |     0,	1,	2,	3,	4,	5,	6,	7,	8,	9,	
38	    |    	62	     |     0,	1,	2,	3,	4,	5,	6,	7,	8,	9,	
39	    |    	61	     |     0,	1,	2,	3,	4,	5,	6,	7,	8,	9,	
40	    |    	60	     |     0,	1,	2,	3,	4,	5,	6,	7,	8,	9,	
41	    |    	59	     |     0,	1,	2,	3,	4,	5,	6,	7,	8,	9,	
42	    |    	58	     |     0,	1,	2,	3,	4,	5,	6,	7,	8,	9,	
43	    |    	57	     |     0,	1,	2,	3,	4,	5,	6,	7,	8,	9,	
44	    |    	56	     |     0,	1,	2,	3,	4,	5,	6,	7,	8,	9,	
45	    |    	55	     |     0,	1,	2,	3,	4,	5,	6,	7,	8,	9,	
46	    |    	54	     |     0,	1,	2,	3,	4,	5,	6,	7,	8,	9,	
47	    |    	53	     |     0,	1,	2,	3,	4,	5,	6,	7,	8,	9,	
48	    |    	52	     |     0,	1,	2,	3,	4,	5,	6,	7,	8,	9,	
49	    |    	51	     |     0,	1,	2,	3,	4,	5,	6,	7,	8,	9,	
50	    |    	25	     |     0,	1,	2,	3,	4,	5,	6,	7,	8,	9,	
51	    |    	24	     |     0,	1,	2,	3,	4,	5,	6,	7,	8,	9,	
52	    |    	23	     |     0,	1,	2,	3,	4,	5,	6,	7,	8,	9,	
53	    |    	22	     |     0,	1,	2,	3,	4,	5,	6,	7,	8,	9,	
54	    |    	21	     |     0,	1,	2,	3,	4,	5,	6,	7,	8,	9,	
55	    |    	20	     |     0,	1,	2,	3,	4,	5,	6,	7,	8,	9,	
56	    |    	19	     |     0,	1,	2,	3,	4,	5,	6,	7,	8,	9,	
57	    |    	18	     |     0,	1,	2,	3,	4,	5,	6,	7,	8,	9,	
58	    |    	17	     |     0,	1,	2,	3,	4,	5,	6,	7,	8,	9,	
59	    |    	16	     |     0,	1,	2,	3,	4,	5,	6,	7,	8,	9,	
60	    |    	15	     |     0,	1,	2,	3,	4,	5,	6,	7,	8,	9,	
61	    |    	14	     |     0,	1,	2,	3,	4,	5,	6,	7,	8,	9,	
62	    |    	13	     |     0,	1,	2,	3,	4,	5,	6,	7,	8,	9,	
63	    |    	12	     |     0,	1,	2,	3,	4,	5,	6,	7,	8,	9,	
64	    |    	11	     |     0,	1,	2,	3,	4,	5,	6,	7,	8,	9,	
65	    |    	10	     |     0,	1,	2,	3,	4,	5,	6,	7,	8,	9,	
66	    |    	9	     |     0,	1,	2,	3,	4,	5,	6,	7,	8,	9,	
67	    |    	8	     |     0,	1,	2,	3,	4,	5,	6,	7,	8,	9,	
68	    |    	7	     |     0,	1,	2,	3,	4,	5,	6,	7,	8,	9,	
69	    |    	6	     |     0,	1,	2,	3,	4,	5,	6,	7,	8,	9,	
70	    |    	5	     |     0,	1,	2,	3,	4,	5,	6,	7,	8,	9,	
71	    |    	4	     |     0,	1,	2,	3,	4,	5,	6,	7,	8,	9,	
72	    |    	3	     |     0,	1,	2,	3,	4,	5,	6,	7,	8,	9,	
73	    |    	2	     |     0,	1,	2,	3,	4,	5,	6,	7,	8,	9,	
74	    |    	1	     |     0,	1,	2,	3,	4,	5,	6,	7,	8,	9,	
75	    |    	0	     |     0,	1,	2,	3,	4,	5,	6,	7,	8,	9,	
76	    |    	76	     |     0,	1,	2,	3,	4,	5,	6,	7,	8,	9,	
77	    |    	77	     |     0,	1,	2,	3,	4,	5,	6,	7,	8,	9,	
78	    |    	78	     |     0,	1,	2,	3,	4,	5,	6,	7,	8,	9,	
79	    |    	79	     |     0,	1,	2,	3,	4,	5,	6,	7,	8,	9,	
80	    |    	80	     |     0,	1,	2,	3,	4,	5,	6,	7,	8,	9,	
81	    |    	81	     |     0,	1,	2,	3,	4,	5,	6,	7,	8,	9,	
82	    |    	82	     |     0,	1,	2,	3,	4,	5,	6,	7,	8,	9,	
83	    |    	83	     |     0,	1,	2,	3,	4,	5,	6,	7,	8,	9,	
84	    |    	84	     |     0,	1,	2,	3,	4,	5,	6,	7,	8,	9,	
85	    |    	85	     |     0,	1,	2,	3,	4,	5,	6,	7,	8,	9,	
86	    |    	86	     |     0,	1,	2,	3,	4,	5,	6,	7,	8,	9,	
87	    |    	87	     |     0,	1,	2,	3,	4,	5,	6,	7,	8,	9,	
88	    |    	88	     |     0,	1,	2,	3,	4,	5,	6,	7,	8,	9,	
89	    |    	89	     |     0,	1,	2,	3,	4,	5,	6,	7,	8,	9,	
90	    |    	90	     |     0,	1,	2,	3,	4,	5,	6,	7,	8,	9,	
91	    |    	91	     |     0,	1,	2,	3,	4,	5,	6,	7,	8,	9,	
92	    |    	92	     |     0,	1,	2,	3,	4,	5,	6,	7,	8,	9,	
93	    |    	93	     |     0,	1,	2,	3,	4,	5,	6,	7,	8,	9,	
94	    |    	94	     |     0,	1,	2,	3,	4,	5,	6,	7,	8,	9,	
95	    |    	95	     |     0,	1,	2,	3,	4,	5,	6,	7,	8,	9,	
96	    |    	96	     |     0,	1,	2,	3,	4,	5,	6,	7,	8,	9,	
97	    |    	97	     |     0,	1,	2,	3,	4,	5,	6,	7,	8,	9,	
98	    |    	98	     |     0,	1,	2,	3,	4,	5,	6,	7,	8,	9,	
99	    |    	99	     |     0,	1,	2,	3,	4,	5,	6,	7,	8,	9,	
